39.242
-100
-100
-100
-100
-100
-100
-100
-100
-100
-100
-100
-100
-100
-100
-100
-100
-100
-100
-100
-100
-100
-100
-100
-100
-100
-100
-100
-100
-100
-100
-100
-100
-100
-100
-100
-100
-100
-100
-100
-100
-100
-100
-100
-100
-100
-100
-100
-100
-100
-100
-100
-100
-100
-100
-100
13.393
16.462
16.87
15.99
15.995
15.882
19.604
18.794
18.552
16.923
12.09
18.942
9.513
6.9298
13.317
15.613
17.742
18.06
17.952
20.214
20.836
21.637
21.585
20.572
20.167
19.821
19.621
18.738
17.484
15.763
16.398
18.458
19.328
17.676
-100
8.6852
9.503
9.503
14.947
18.949
19.935
22.174
21.522
17.569
16.383
16.459
18.439
19.537
20
20.085
20.046
19.233
17.984
18.253
24.586
25.403
24.042
22.197
18.671
15.928
-100
-100
-100
-100
-100
7.1808
11.798
13.327
15.014
18.039
17.512
17.608
17.477
17.421
18.494
19.278
18.404
17.807
16.51
13.146
13.421
5.4754
3.1437
4.27
12.912
16.713
18.684
20.919
21.836
21.498
20.221
19.263
20.455
25.231
25.428
25.454
25.358
25.203
25.028
24.787
24.569
24.791
24.781
24.836
21.814
20.038
20.47
21.685
22.514
23.058
23.193
23.093
22.614
22.157
20.209
18.651
15.629
16.382
13.327
15.667
15.121
14.692
19.621
21.517
22.902
24.841
24.976
24.528
22.965
20.859
17.522
10.523
14.981
16.045
17.982
18.066
17.119
19.591
18.988
18.852
15.072
18.636
19.199
20.621
20.892
20.295
18.169
20.451
24.663
25.464
25.383
24.997
23.977
21.932
18.793
12.603
14.216
16.739
17.69
17.986
16.776
16.671
13.593
17.511
15.513
15.406
0
-100
-100
-100
-100
-100
10.617
13.247
15.922
16.405
17.768
19.148
19.694
17.265
18.403
17.333
18.367
18.307
19.453
19.291
19.242
18.716
19.425
19.379
19.398
19.526
19.538
19.716
20.143
20.115
20.384
20.898
20.72
21.368
23.428
24.341
24.733
24.844
24.849
24.956
24.861
24.554
24.251
24.373
23.806
22.895
19.745
17.265
14.417
15.769
14.394
16.877
18.339
18.043
19.055
18.88
19.054
18.28
17.992
16.629
14.577
11.106
-100
-100
-100
-100
-100
-100
-100
-100
-100
-100
-100
-100
-100
