0.99312
0
0
0
0
0
0
0
0
0
0
0
0
0
0
0
0
0
0
0
0
0
0
0
0
0
0
0
0
0
0
0
0
0
0
0
0
0
0
0
0
0
0
0
0
0
0
0
0
0
0
0
0
0
0
0
0.85677
0.90727
0.92219
0.92576
0.91818
0.91344
0.9137
0.92997
0.94228
0.94794
0.93991
0.8491
0.90242
0.49794
-0.16226
-0.21765
0.0065477
0.62716
0.95819
0.96355
0.96679
0.96625
0.96323
0.95866
0.9559
0.95358
0.95142
0.93853
0.92927
0.91859
0.94522
0.95706
0.93863
0.80944
0
0.84718
0.84866
0.84866
0.84502
0.95931
0.97057
0.97551
0.97868
0.97577
0.98224
0.98151
0.97361
0.97546
0.97083
0.96217
0.96593
0.96569
0.95991
0.97207
0.98805
0.99094
0.98704
0.98774
0.98471
0.94276
0
0
0
0
0
0.45062
0.20936
0.066415
-0.19512
-0.44477
-0.52026
-0.54143
-0.60155
-0.69539
-0.7545
-0.7517
-0.72451
-0.66901
-0.60285
-0.51819
0.24123
0.50853
0.61622
0.69733
0.95304
0.97037
0.97203
0.96931
0.96626
0.96631
0.96834
0.97276
0.98961
0.99267
0.99476
0.99586
0.99264
0.99386
0.99563
0.9939
0.99384
0.99444
0.99444
0.99143
0.98948
0.97763
0.98068
0.9822
0.97968
0.97777
0.98206
0.98164
0.98219
0.98391
0.98041
0.97927
0.94234
0.66226
-0.2134
-0.23863
-0.22784
0.79599
0.96731
0.97856
0.99011
0.99364
0.99442
0.9951
0.99372
0.98916
0.97053
0.69888
0.55665
0.55724
0.53523
0.61984
0.7034
0.75592
0.78939
0.83933
0.97222
0.9685
0.94848
0.935
0.93339
0.94026
0.94205
0.96774
0.99338
0.99388
0.9939
0.99481
0.99389
0.98963
0.98253
0.81895
0.25994
0.046215
-0.03297
-0.041851
0.014438
0.21146
0.40313
0.32955
0.35383
0.78908
0
0
0
0
0
0
0.82685
0.84936
0.86309
0.90537
0.9223
0.94171
0.94473
0.93665
0.93861
0.93816
0.93998
0.94028
0.94298
0.94806
0.95197
0.95016
0.95952
0.96195
0.96217
0.96662
0.97043
0.97578
0.97871
0.98182
0.98547
0.98807
0.98909
0.99138
0.992
0.99218
0.99412
0.99373
0.99451
0.99476
0.99452
0.99386
0.99304
0.9947
0.99411
0.98944
0.98157
0.96649
0.9428
0.50964
-0.74228
-0.75197
-0.75037
-0.7313
-0.70726
-0.72097
-0.72223
-0.713
-0.64034
-0.50021
-0.47548
-0.24844
0
0
0
0
0
0
0
0
0
0
0
0
0
