0.64726
0
0
0
0
0
0
0
0
0
0
0
0
0
0
0
0
0
0
0
0
0
0
0
0
0
0
0
0
0
0
0
0
0
0
0
0
0
0
0
0
0
0
0
0
0
0
0
0
0
0
0
0
0
0
0
0.41003
0.38278
0.31802
0.36962
0.49412
0.51186
0.74824
0.79126
0.81826
0.76134
0.45895
0.47901
0
0.33965
0.21277
0.18241
0.2309
0.55986
0.83876
0.85869
0.87293
0.89231
0.8834
0.86476
0.84486
0.86516
0.85616
0.7884
0.74145
0.67633
0.56635
0.50018
0.41574
0.046261
0
0
0.2147
0.2147
0.37527
0.3508
0.565
0.55168
0.62248
0.72352
0.74219
0.8097
0.87516
0.86686
0.84998
0.85996
0.86646
0.8538
0.8165
0.71262
0.8383
0.84742
0.8015
0.73184
0.47088
0.070145
0
0
0
0
0
0.23332
0.1458
0.15191
0.1135
0.12514
0.14966
0.12568
0.14902
0.13979
0.17105
0.18288
0.15277
0.1687
0.18409
0.15565
0.10139
0
0
0.1769
0.19079
0.59606
0.65958
0.7673
0.87169
0.86871
0.82789
0.7125
0.73424
0.86695
0.85951
0.85735
0.85765
0.85919
0.85844
0.86219
0.85995
0.8634
0.86162
0.84429
0.78539
0.79323
0.8456
0.8649
0.86976
0.87001
0.86589
0.86892
0.86558
0.87513
0.85749
0.76673
0.49613
0.30143
0.13476
0.17042
0.15168
0.28457
0.72559
0.73211
0.79355
0.88475
0.87035
0.87154
0.86164
0.78129
0.56235
0.0074295
0.25404
0.21302
0.26297
0.2325
0.16662
0.14633
0.19329
0.16771
0.5248
0.71792
0.72721
0.75835
0.82483
0.84692
0.79596
0.74849
0.84418
0.86307
0.86694
0.8627
0.87044
0.83191
0.64406
0.24915
0.19734
0.19348
0.13427
0.13839
0.16426
0.31769
0.27004
0.18807
0.22207
0.33488
0
0
0
0
0
0
0.26338
0.27155
0.28542
0.46529
0.56873
0.69889
0.80656
0.75896
0.80646
0.79103
0.82567
0.85176
0.81953
0.8158
0.82137
0.82356
0.81632
0.81808
0.82943
0.82849
0.83381
0.82602
0.8315
0.83355
0.83394
0.83266
0.82885
0.83898
0.77454
0.78263
0.84958
0.83664
0.83721
0.84433
0.84503
0.83887
0.8293
0.83093
0.84105
0.84159
0.7863
0.72653
0.60578
0.23349
0.28477
0.18046
0.17362
0.21527
0.18046
0.1785
0.17949
0.17053
0.16759
0.16366
0.13081
0.1203
0
0
0
0
0
0
0
0
0
0
0
0
0
