0.000000 
0.000000 
0.000000 
0.000000 
0.000000 
0.000000 
0.000000 
0.000000 
0.000000 
-0.209391 
-0.289340 
-0.398477 
-0.470812 
-0.510152 
-0.524112 
-0.519036 
-0.581218 
-0.656091 
-0.701777 
-0.715736 
-0.719543 
-0.686548 
-0.720812 
-0.727157 
-0.719543 
-0.732234 
-0.614213 
-0.579949 
-0.593909 
-0.545685 
-0.543147 
-0.522843 
-0.463198 
-0.449239 
-0.383249 
-0.252538 
0.000000 
0.000000 
0.000000 
0.284264 
0.248731 
0.422589 
0.465736 
0.531726 
0.746193 
0.657360 
0.851523 
0.893401 
0.944162 
1.000000 
0.937817 
0.954315 
0.857868 
0.908629 
0.826142 
0.909898 
0.802030 
0.695431 
0.742386 
0.606599 
0.590102 
0.463198 
0.328680 
0.310914 
0.000000 
0.213198 
0.222081 
0.000000 
0.000000 
0.000000 
0.000000 
0.000000 
0.000000 
0.000000 
0.000000 
-0.250000 
0.000000 
0.000000 
0.000000 
0.000000 
-0.204315 
-0.210660 
-0.213198 
-0.284264 
0.000000 
0.000000 
0.000000 
0.000000 
0.000000 
0.000000 
0.000000 
0.000000 
0.000000 
0.000000 
0.000000 
0.000000 
0.000000 
0.000000 
0.000000 
0.000000 
0.000000 
0.000000 
-0.228426 
-0.237310 
-0.267767 
-0.346447 
-0.348985 
-0.420051 
-0.442893 
-0.442893 
-0.543147 
-0.558376 
-0.555838 
-0.614213 
-0.534264 
-0.592640 
-0.582487 
-0.507614 
-0.633249 
-0.526650 
-0.510152 
-0.541878 
-0.408629 
-0.473350 
-0.427665 
-0.331218 
-0.370558 
-0.239848 
0.000000 
0.000000 
0.000000 
0.000000 
0.000000 
0.252538 
0.280457 
0.406091 
0.488579 
0.428934 
0.560914 
0.529188 
0.593909 
0.695431 
0.682741 
0.842640 
0.718274 
0.790609 
0.779188 
0.685279 
0.771574 
0.629442 
0.635787 
0.534264 
0.534264 
0.451777 
0.435279 
0.461929 
0.322335 
0.399746 
0.241117 
0.000000 
0.252538 
0.000000 
0.000000 
0.000000 
0.000000 
0.000000 
0.000000 
0.000000 
0.000000 
0.000000 
0.000000 
0.000000 
0.000000 
0.000000 
0.000000 
0.000000 
0.000000 
-0.257614 
0.000000 
0.000000 
0.000000 
0.000000 
0.000000 
0.000000 
0.000000 
0.000000 
0.000000 
0.000000 
0.000000 
0.000000 
0.000000 
0.000000 
0.000000 
0.000000 
0.000000 
0.000000 
-0.200508 
-0.220812 
-0.279188 
-0.289340 
-0.333756 
-0.385787 
-0.379442 
-0.406091 
-0.428934 
-0.426396 
-0.461929 
-0.484772 
-0.472081 
-0.507614 
-0.470812 
-0.440355 
-0.383249 
-0.399746 
-0.425127 
-0.388325 
-0.411168 
-0.343909 
-0.227157 
-0.230964 
0.000000 
0.000000 
0.000000 
0.000000 
0.000000 
0.000000 
0.000000 
0.000000 
0.234772 
0.332487 
0.298223 
0.412437 
0.369289 
0.392132 
0.479695 
0.426396 
0.535533 
0.540609 
0.512690 
0.618020 
0.604061 
0.585025 
0.562183 
0.425127 
0.463198 
0.453046 
0.498731 
0.497462 
0.442893 
0.357868 
0.265228 
0.247462 
0.257614 
0.246193 
0.265228 
0.210660 
0.000000 
0.000000 
0.000000 
0.000000 
0.000000 
0.000000 
0.000000 
0.000000 
0.000000 
0.000000 
0.000000 
0.000000 
0.000000 
-0.220812 
0.000000 
0.000000 
0.000000 
0.000000 
0.000000 
0.000000 
0.000000 
0.000000 
0.000000 
0.000000 
0.000000 
0.000000 
0.000000 
0.000000 
0.000000 
-0.201777 
0.000000 
0.000000 
-0.218274 
-0.222081 
-0.308376 
-0.305838 
-0.282995 
-0.309645 
-0.201777 
-0.237310 
-0.380711 
-0.426396 
-0.412437 
-0.272843 
-0.257614 
-0.210660 
-0.314721 
-0.361675 
-0.322335 
0.000000 
0.000000 
-0.285533 
-0.269036 
-0.329949 
0.000000 
0.000000 
0.000000 
0.000000 
0.000000 
0.000000 
0.000000 
0.000000 
0.000000 
0.000000 
0.000000 
0.000000 
0.000000 
0.257614 
0.378173 
0.359137 
0.275381 
0.296954 
0.345178 
0.376904 
0.512690 
0.460660 
0.418782 
0.393401 
0.318528 
0.380711 
0.416244 
0.426396 
0.409898 
0.335025 
0.295685 
0.275381 
0.281726 
0.261421 
0.000000 
0.000000 
0.000000 
0.000000 
0.000000 
0.000000 
0.000000 
0.000000 
0.000000 
0.000000 
0.000000 
0.000000 
0.000000 
0.000000 
0.000000 
0.000000 
0.000000 
0.000000 
0.000000 
0.000000 
-0.247462 
0.000000 
0.000000 
0.000000 
0.000000 
0.000000 
0.000000 
0.000000 
0.000000 
0.000000 
-0.258883 
-0.243655 
0.000000 
0.000000 
0.000000 
0.000000 
-0.313452 
-0.303299 
0.000000 
-0.260152 
0.000000 
-0.286802 
-0.277919 
0.000000 
0.000000 
0.000000 
0.000000 
-0.210660 
0.000000 
-0.214467 
-0.233503 
0.000000 
0.000000 
0.000000 
0.000000 
-0.201777 
0.000000 
0.000000 
0.000000 
0.000000 
0.000000 
0.000000 
0.000000 
0.000000 
0.000000 
0.000000 
0.000000 
0.000000 
0.220812 
0.217005 
0.000000 
0.000000 
0.000000 
0.352792 
0.379442 
0.313452 
0.000000 
0.000000 
0.200508 
0.274112 
0.338832 
0.331218 
0.000000 
0.000000 
0.000000 
0.272843 
0.319797 
0.308376 
0.000000 
0.000000 
0.000000 
0.000000 
0.233503 
0.000000 
0.000000 
0.000000 
0.000000 
0.000000 
0.000000 
0.000000 
0.000000 
0.000000 
0.000000 
0.000000 
0.000000 
0.000000 
0.000000 
0.000000 
0.000000 
0.000000 
0.000000 
0.000000 
0.000000 
0.000000 
0.000000 
0.000000 
0.000000 
-0.203046 
0.000000 
0.000000 
0.000000 
0.000000 
0.000000 
0.000000 
0.000000 
0.000000 
0.000000 
-0.220812 
-0.237310 
0.000000 
0.000000 
0.000000 
0.000000 
-0.224619 
0.000000 
0.000000 
0.000000 
0.000000 
0.000000 
0.000000 
-0.313452 
0.000000 
0.000000 
-0.215736 
0.000000 
0.000000 
0.000000 
0.000000 
0.000000 
0.000000 
0.000000 
0.000000 
0.000000 
0.000000 
0.000000 
0.000000 
0.000000 
0.000000 
0.000000 
0.000000 
0.000000 
0.000000 
0.000000 
0.000000 
0.000000 
0.000000 
0.000000 
0.209391 
0.000000 
0.000000 
0.000000 
0.000000 
0.000000 
0.000000 
0.000000 
0.000000 
0.000000 
0.000000 
0.219543 
0.203046 
0.000000 
0.000000 
0.000000 
0.000000 
0.000000 
0.000000 
0.000000 
0.000000 
0.000000 
0.000000 
0.000000 
0.000000 
0.000000 
0.000000 
0.000000 
0.000000 
0.000000 
0.000000 
0.000000 
0.000000 
0.000000 
0.000000 
0.000000 
0.000000 
0.000000 
0.000000 
0.000000 
0.000000 
0.000000 
0.000000 
0.000000 
0.000000 
0.000000 
0.000000 
0.000000 
0.000000 
0.000000 
0.000000 
0.000000 
0.000000 
0.000000 
0.000000 
0.000000 
0.000000 
0.000000 
0.000000 
0.000000 
-0.201777 
0.000000 
0.000000 
0.000000 
0.000000 
0.000000 
0.000000 
0.000000 
0.000000 
0.000000 
0.000000 
0.000000 
0.000000 
0.000000 
0.000000 
0.000000 
0.000000 
0.000000 
0.000000 
0.000000 
0.000000 
0.000000 
0.000000 
0.000000 
0.000000 
0.000000 
0.000000 
-0.200508 
0.000000 
