52.106476 
49.295670 
47.580463 
46.024406 
44.161453 
43.319252 
40.902344 
37.813503 
34.485031 
30.627535 
27.619347 
24.449776 
20.688360 
16.681520 
12.366587 
8.238467 
4.971674 
1.370301 
-1.882550 
-4.867956 
-8.622521 
-11.348680 
-13.856419 
-16.104254 
-17.967783 
-19.880236 
-21.227365 
-22.226406 
-23.083149 
-23.383102 
-23.811823 
-24.283844 
-24.251553 
-23.671917 
-23.148102 
-22.119583 
-21.711168 
-20.811701 
-19.876194 
-18.888842 
-17.396111 
-16.437384 
-15.738577 
-15.023186 
-14.385602 
-13.495584 
-12.761127 
-12.416315 
-12.567540 
-12.409950 
-12.451859 
-12.401654 
-12.464287 
-13.238557 
-13.787191 
-14.370017 
-14.712863 
-14.959452 
-15.585444 
-16.052368 
-16.574141 
-16.882975 
-16.873234 
-16.698307 
-16.337023 
-16.069981 
-15.457615 
-14.843324 
-13.902232 
-12.753043 
-11.106919 
-9.285097 
-7.482952 
-5.524954 
-3.543532 
-1.171340 
1.604695 
4.229390 
6.929427 
9.416930 
12.121711 
15.063111 
17.885246 
20.461576 
22.978365 
25.234264 
27.618164 
29.622169 
31.230675 
32.679264 
33.882751 
34.843391 
35.687874 
35.870972 
35.813404 
35.084370 
34.051773 
33.020401 
31.667765 
30.091293 
28.161091 
26.157541 
23.679840 
21.140480 
18.679655 
15.995423 
13.586766 
10.710852 
7.718379 
4.851008 
2.210233 
-0.024285 
-2.409095 
-4.650562 
-7.027568 
-9.374128 
-10.898199 
-12.257054 
-13.509791 
-14.606459 
-15.806784 
-16.722637 
-17.411673 
-17.628506 
-17.682013 
-17.739439 
-17.804476 
-17.683081 
-17.499941 
-16.735422 
-15.848028 
-15.347578 
-14.716239 
-14.233601 
-13.428839 
-12.589007 
-11.961369 
-11.339391 
-10.907777 
-10.552950 
-10.332818 
-10.084540 
-9.772470 
-9.504481 
-9.564926 
-9.586273 
-9.942868 
-10.230886 
-10.293225 
-10.477612 
-10.513707 
-10.840011 
-11.131165 
-11.270765 
-11.410431 
-11.238835 
-11.071641 
-10.721586 
-10.245809 
-9.892380 
-9.431260 
-8.721570 
-7.706237 
-6.405427 
-5.175604 
-4.074836 
-2.848976 
-1.390742 
0.256025 
1.786459 
3.546185 
5.056433 
6.738645 
8.341361 
10.022255 
11.970788 
13.732659 
15.291951 
16.614960 
17.725992 
19.132847 
20.345772 
21.414450 
22.268543 
22.750797 
23.034571 
23.222313 
23.250393 
22.969133 
22.484093 
21.744684 
20.879448 
19.963053 
18.787222 
17.636421 
16.169683 
14.575347 
12.952398 
11.064877 
9.341472 
7.436437 
5.603861 
3.981266 
2.150017 
0.410092 
-0.949493 
-2.705548 
-4.100470 
-5.402380 
-6.704945 
-7.698475 
-8.788943 
-9.593346 
-10.275145 
-11.026214 
-11.301799 
-11.691837 
-11.934917 
-12.108904 
-12.409045 
-12.359453 
-11.963995 
-11.673261 
-11.468262 
-10.905683 
-10.778725 
-10.259810 
-9.689359 
-9.398236 
-9.069218 
-8.916947 
-8.505124 
-8.040440 
-7.814393 
-7.304190 
-7.298793 
-7.087462 
-6.954815 
-6.809651 
-6.604542 
-6.632019 
-6.729238 
-6.767370 
-6.543023 
-6.347420 
-6.248857 
-6.184897 
-6.102550 
-5.965213 
-5.569282 
-5.222983 
-4.745756 
-4.344938 
-3.959658 
-3.305350 
-2.703936 
-2.089264 
-1.196158 
-0.590443 
0.175389 
0.930213 
1.695303 
2.814935 
3.462200 
4.426781 
5.284044 
5.875667 
7.034140 
7.840746 
8.715652 
9.466940 
9.992780 
10.593481 
11.238706 
11.728990 
12.209719 
12.551425 
12.558035 
12.713024 
12.684852 
12.496978 
12.430254 
11.966123 
11.604064 
11.047993 
10.097107 
9.479112 
8.654064 
7.931839 
7.134858 
5.993372 
5.064726 
3.871488 
2.908859 
2.142805 
1.165277 
0.106795 
-0.741742 
-1.645995 
-2.427589 
0.000000 
0.000000 
0.000000 
0.000000 
0.000000 
0.000000 
0.000000 
0.000000 
0.000000 
0.000011 
0.000000 
0.000000 
0.000000 
0.000000 
0.000000 
0.000000 
0.000000 
0.000000 
0.000000 
0.000000 
0.000000 
0.000000 
0.000000 
0.000000 
0.000000 
0.000000 
0.000000 
0.000000 
0.000000 
0.000000 
0.000000 
0.000000 
0.000000 
0.000000 
0.000011 
0.000000 
0.000000 
0.000000 
0.000000 
0.000000 
0.000000 
0.000000 
0.000000 
0.000000 
0.000000 
0.000000 
0.000000 
0.000000 
0.000000 
0.000000 
0.000000 
0.000000 
0.000000 
0.000000 
0.000000 
0.000000 
0.000000 
0.000000 
0.000000 
0.000000 
0.000000 
0.000000 
0.000000 
0.000000 
0.000000 
0.000000 
0.000000 
0.000000 
0.000000 
0.000000 
0.000000 
0.000000 
0.000000 
0.000000 
0.000000 
0.000000 
0.000000 
0.000000 
0.000000 
0.000000 
0.000000 
0.000000 
0.000000 
0.000000 
0.000000 
0.000000 
0.000000 
0.000000 
0.000000 
0.000000 
0.000000 
0.000000 
0.000000 
0.000000 
0.000000 
0.000000 
0.000000 
0.000000 
0.000000 
0.000000 
0.000000 
0.000000 
0.000000 
0.000000 
0.000000 
0.000000 
0.000000 
0.000000 
0.000000 
0.000000 
0.000000 
0.000000 
0.000000 
0.000000 
0.000000 
0.000000 
0.000000 
0.000000 
0.000000 
0.000000 
0.000000 
0.000000 
0.000000 
0.000000 
0.000000 
0.000000 
0.000000 
0.000000 
0.000000 
0.000000 
0.000000 
0.000000 
0.000000 
0.000000 
0.000000 
0.000000 
0.000000 
0.000000 
0.000000 
0.000000 
0.000000 
0.000000 
0.000000 
0.000000 
0.000000 
0.000000 
0.000000 
0.000000 
0.000000 
0.000000 
0.000000 
0.000000 
0.000000 
0.000000 
0.000000 
0.000000 
0.000000 
0.000000 
0.000000 
0.000000 
0.000000 
0.000000 
0.000000 
0.000000 
0.000000 
0.000000 
0.000000 
0.000000 
0.000000 
0.000000 
0.000000 
0.000000 
0.000000 
0.000000 
0.000000 
0.000000 
0.000000 
0.000000 
0.000000 
0.000011 
0.000000 
0.000000 
0.000000 
0.000000 
0.000000 
0.000000 
0.000000 
0.000000 
0.000000 
0.000000 
0.000000 
0.000000 
0.000000 
0.000000 
0.000000 
0.000000 
0.000000 
0.000000 
0.000000 
0.000000 
0.000000 
0.000000 
0.000000 
0.000000 
0.000000 
0.000000 
0.000000 
0.000000 
0.000000 
0.000000 
0.000000 
0.000000 
0.000000 
0.000000 
0.000000 
0.000000 
0.000000 
0.000000 
0.000000 
0.000000 
0.000000 
0.000000 
0.000000 
0.000000 
0.000000 
0.000000 
0.000000 
0.000000 
0.000000 
0.000000 
0.000000 
0.000000 
0.000000 
0.000000 
0.000000 
0.000000 
0.000000 
0.000000 
0.000000 
0.000000 
0.000000 
0.000000 
0.000000 
0.000000 
0.000000 
0.000000 
0.000000 
0.000000 
0.000000 
0.000000 
0.000000 
0.000000 
0.000000 
0.000000 
0.000000 
0.000000 
0.000000 
0.000000 
0.000000 
0.000000 
0.000000 
0.000000 
0.000000 
0.000000 
0.000000 
0.000000 
0.000000 
0.000000 
0.000000 
0.000000 
0.000000 
0.000000 
0.000000 
0.000000 
0.000000 
0.000169 
0.000000 
0.000168 
0.000011 
0.000000 
0.000001 
0.000044 
0.000000 
0.000000 
0.000000 
0.000000 
0.000000 
0.000174 
0.000000 
0.000000 
0.000000 
0.000000 
0.000000 
0.000000 
0.000000 
0.000011 
0.000000 
0.000000 
0.000000 
0.000000 
